1 2 0.497816
1 4 0.306777
1 8 0.383121
1 16 0.528069
1 32 0.669044
2_1 2 0
2_1 4 0
2_1 8 0
2_1 16 0
2_1 32 0
2_2 2 0
2_2 4 0
2_2 8 0
2_2 16 0
2_2 32 0
2_3 2 0.931238
2_3 4 0.121494
2_3 8 0.164096
2_3 16 0.0442621
2_3 32 0.407041
2_4 2 0.738734
2_4 4 0.0980498
2_4 8 0.0876725
2_4 16 0.803321
2_4 32 0.753978
3 2 0
3 4 0.567731
3 8 0.435344
3 16 0.429375
3 32 0.111767
4 2 0.861576
4 4 0.547499
4 8 0.187493
4 16 0.396643
4 32 0.261307
5 2 0.40363
5 4 0.962601
5 8 0.376964
5 16 0.654115
5 32 0.28423
6 2 0.0128085
6 4 0.281927
6 8 0.100672
6 16 0.318579
6 32 0.744454
