1 2 0.191077
1 4 0.882865
1 8 0.24068
1 16 0.684887
1 32 0.463927
2_1 2 0
2_1 4 0
2_1 8 0
2_1 16 0
2_1 32 0
2_2 2 0
2_2 4 0
2_2 8 0
2_2 16 0
2_2 32 0
2_3 2 0.422233
2_3 4 0.194252
2_3 8 0.222218
2_3 16 0.414454
2_3 32 0.903232
2_4 2 0.592649
2_4 4 0.7002
2_4 8 0.195023
2_4 16 0.96967
2_4 32 0.557858
3 2 0.0126997
3 4 0.394655
3 8 0.531055
3 16 0.595513
3 32 0.0918856
4 2 0.860901
4 4 0.685069
4 8 0.585461
4 16 0.491383
4 32 0.420821
5 2 0.142325
5 4 0.272284
5 8 0.56709
5 16 0.837243
5 32 0.926885
6 2 0.486597
6 4 0.516216
6 8 0.222249
6 16 0.166893
6 32 0.343538
