1 2 0.0435766
1 4 0.777295
1 8 0.357572
1 16 0.0857559
1 32 0.226683
2_1 2 0
2_1 4 0
2_1 8 0
2_1 16 0
2_1 32 0
2_2 2 0
2_2 4 0
2_2 8 0
2_2 16 0
2_2 32 0
2_3 2 0.651229
2_3 4 0.0126322
2_3 8 0.58198
2_3 16 0.352244
2_3 32 0.046086
2_4 2 0.414658
2_4 4 0.317242
2_4 8 0.00928317
2_4 16 0.826041
2_4 32 0.00425315
3 2 0
3 4 0.639299
3 8 0.56731
3 16 0.0192695
3 32 0.0202043
4 2 0.547911
4 4 0.615029
4 8 0.502536
4 16 0.488798
4 32 0.128006
5 2 0.0946607
5 4 0.853565
5 8 0.31797
5 16 0.878426
5 32 0.0530922
6 2 0.0484658
6 4 0.929964
6 8 0.664959
6 16 0.661928
6 32 0.374126
