1 2 0.730304
1 4 0.892132
1 8 0.476308
1 16 0.413313
1 32 0.886123
2_1 2 0
2_1 4 0
2_1 8 0
2_1 16 0
2_1 32 0
2_2 2 0
2_2 4 0
2_2 8 0
2_2 16 0
2_2 32 0
2_3 2 0.21564
2_3 4 0.0136045
2_3 8 0.0976342
2_3 16 0.656892
2_3 32 0.284493
2_4 2 0.987866
2_4 4 0.680884
2_4 8 0.397929
2_4 16 0.924777
2_4 32 0.527947
3 2 0
3 4 0.750885
3 8 0.974219
3 16 0.292553
3 32 0.912203
4 2 0.816596
4 4 0.125309
4 8 0.412228
4 16 0.696281
4 32 0.175279
5 2 0.0563909
5 4 0.896141
5 8 0.245169
5 16 0.0300287
5 32 0.732688
6 2 0.819057
6 4 0.546757
6 8 0.462685
6 16 0.95654
6 32 0.731734
